10
1 1 0
1 2 288
1 3 52
1 4 278
1 5 229
1 6 44
1 7 16
1 8 37
1 9 76
1 10 55
2 1 288
2 2 0
2 3 172
2 4 286
2 5 244
2 6 212
2 7 126
2 8 201
2 9 61
2 10 158
3 1 52
3 2 172
3 3 0
3 4 140
3 5 253
3 6 41
3 7 187
3 8 199
3 9 112
3 10 109
4 1 278
4 2 286
4 3 140
4 4 0
4 5 280
4 6 286
4 7 128
4 8 99
4 9 147
4 10 21
5 1 229
5 2 244
5 3 253
5 4 280
5 5 0
5 6 61
5 7 81
5 8 1073741824
5 9 1073741824
5 10 21
6 1 44
6 2 212
6 3 41
6 4 286
6 5 61
6 6 0
6 7 240
6 8 232
6 9 44
6 10 8
7 1 16
7 2 126
7 3 187
7 4 128
7 5 81
7 6 240
7 7 0
7 8 84
7 9 39
7 10 1073741824
8 1 37
8 2 201
8 3 199
8 4 99
8 5 1073741824
8 6 232
8 7 84
8 8 0
8 9 149
8 10 72
9 1 76
9 2 61
9 3 112
9 4 147
9 5 1073741824
9 6 44
9 7 39
9 8 149
9 9 0
9 10 212
10 1 55
10 2 158
10 3 109
10 4 21
10 5 21
10 6 8
10 7 1073741824
10 8 72
10 9 212
10 10 0
