100
1 1 0
1 2 182
1 3 34
1 4 50
1 5 7
1 6 202
1 7 35
1 8 223
1 9 156
1 10 214
1 11 216
1 12 131
1 13 85
1 14 250
1 15 286
1 16 86
1 17 1073741824
1 18 106
1 19 103
1 20 117
1 21 133
1 22 53
1 23 82
1 24 24
1 25 11
1 26 221
1 27 107
1 28 49
1 29 118
1 30 234
1 31 242
1 32 98
1 33 285
1 34 269
1 35 94
1 36 159
1 37 239
1 38 1073741824
1 39 242
1 40 50
1 41 279
1 42 73
1 43 1073741824
1 44 253
1 45 176
1 46 82
1 47 280
1 48 238
1 49 88
1 50 242
1 51 22
1 52 264
1 53 251
1 54 276
1 55 1073741824
1 56 147
1 57 244
1 58 255
1 59 267
1 60 259
1 61 192
1 62 1073741824
1 63 135
1 64 124
1 65 232
1 66 82
1 67 171
1 68 86
1 69 59
1 70 19
1 71 129
1 72 271
1 73 178
1 74 231
1 75 147
1 76 283
1 77 14
1 78 147
1 79 220
1 80 17
1 81 213
1 82 115
1 83 22
1 84 210
1 85 157
1 86 285
1 87 253
1 88 160
1 89 5
1 90 246
1 91 226
1 92 271
1 93 237
1 94 92
1 95 245
1 96 207
1 97 183
1 98 26
1 99 68
1 100 192
2 1 182
2 2 0
2 3 69
2 4 77
2 5 39
2 6 110
2 7 114
2 8 51
2 9 149
2 10 264
2 11 141
2 12 28
2 13 194
2 14 145
2 15 164
2 16 22
2 17 34
2 18 111
2 19 9
2 20 35
2 21 197
2 22 10
2 23 212
2 24 167
2 25 139
2 26 138
2 27 66
2 28 268
2 29 46
2 30 243
2 31 55
2 32 15
2 33 265
2 34 20
2 35 84
2 36 98
2 37 225
2 38 103
2 39 120
2 40 79
2 41 268
2 42 138
2 43 284
2 44 171
2 45 289
2 46 138
2 47 8
2 48 153
2 49 2
2 50 237
2 51 1073741824
2 52 228
2 53 259
2 54 188
2 55 284
2 56 10
2 57 180
2 58 205
2 59 179
2 60 121
2 61 211
2 62 284
2 63 186
2 64 147
2 65 5
2 66 164
2 67 56
2 68 108
2 69 107
2 70 137
2 71 129
2 72 270
2 73 166
2 74 55
2 75 119
2 76 27
2 77 143
2 78 177
2 79 247
2 80 241
2 81 233
2 82 264
2 83 262
2 84 116
2 85 48
2 86 77
2 87 214
2 88 279
2 89 168
2 90 254
2 91 157
2 92 116
2 93 124
2 94 84
2 95 109
2 96 66
2 97 21
2 98 244
2 99 129
2 100 288
3 1 34
3 2 69
3 3 0
3 4 45
3 5 134
3 6 173
3 7 134
3 8 129
3 9 195
3 10 202
3 11 37
3 12 205
3 13 114
3 14 226
3 15 203
3 16 5
3 17 171
3 18 140
3 19 174
3 20 9
3 21 9
3 22 233
3 23 199
3 24 187
3 25 190
3 26 176
3 27 162
3 28 154
3 29 233
3 30 29
3 31 117
3 32 129
3 33 79
3 34 202
3 35 139
3 36 281
3 37 269
3 38 289
3 39 290
3 40 287
3 41 268
3 42 237
3 43 244
3 44 43
3 45 248
3 46 287
3 47 36
3 48 190
3 49 204
3 50 247
3 51 221
3 52 229
3 53 127
3 54 174
3 55 270
3 56 101
3 57 244
3 58 119
3 59 266
3 60 150
3 61 285
3 62 54
3 63 3
3 64 74
3 65 266
3 66 210
3 67 24
3 68 72
3 69 38
3 70 227
3 71 40
3 72 195
3 73 125
3 74 165
3 75 246
3 76 142
3 77 1073741824
3 78 182
3 79 149
3 80 95
3 81 181
3 82 277
3 83 237
3 84 270
3 85 188
3 86 113
3 87 275
3 88 119
3 89 219
3 90 31
3 91 265
3 92 277
3 93 59
3 94 153
3 95 30
3 96 200
3 97 199
3 98 120
3 99 117
3 100 1073741824
4 1 50
4 2 77
4 3 45
4 4 0
4 5 104
4 6 148
4 7 277
4 8 151
4 9 288
4 10 251
4 11 254
4 12 42
4 13 54
4 14 262
4 15 239
4 16 28
4 17 65
4 18 33
4 19 55
4 20 188
4 21 118
4 22 166
4 23 95
4 24 68
4 25 62
4 26 181
4 27 66
4 28 252
4 29 249
4 30 230
4 31 220
4 32 50
4 33 78
4 34 1073741824
4 35 66
4 36 285
4 37 12
4 38 237
4 39 142
4 40 287
4 41 10
4 42 59
4 43 223
4 44 58
4 45 250
4 46 40
4 47 259
4 48 143
4 49 19
4 50 280
4 51 50
4 52 196
4 53 264
4 54 131
4 55 210
4 56 156
4 57 206
4 58 71
4 59 108
4 60 55
4 61 5
4 62 237
4 63 121
4 64 188
4 65 21
4 66 68
4 67 90
4 68 195
4 69 239
4 70 8
4 71 37
4 72 145
4 73 101
4 74 222
4 75 178
4 76 104
4 77 217
4 78 14
4 79 246
4 80 76
4 81 105
4 82 162
4 83 73
4 84 45
4 85 286
4 86 278
4 87 105
4 88 163
4 89 139
4 90 103
4 91 15
4 92 211
4 93 32
4 94 189
4 95 88
4 96 239
4 97 234
4 98 286
4 99 200
4 100 275
5 1 7
5 2 39
5 3 134
5 4 104
5 5 0
5 6 255
5 7 49
5 8 60
5 9 236
5 10 233
5 11 104
5 12 261
5 13 225
5 14 176
5 15 146
5 16 219
5 17 7
5 18 223
5 19 57
5 20 169
5 21 47
5 22 124
5 23 64
5 24 190
5 25 88
5 26 100
5 27 133
5 28 168
5 29 52
5 30 156
5 31 69
5 32 158
5 33 12
5 34 65
5 35 194
5 36 240
5 37 201
5 38 178
5 39 17
5 40 37
5 41 107
5 42 127
5 43 45
5 44 38
5 45 69
5 46 86
5 47 21
5 48 195
5 49 181
5 50 222
5 51 210
5 52 213
5 53 5
5 54 183
5 55 116
5 56 127
5 57 221
5 58 58
5 59 35
5 60 116
5 61 107
5 62 132
5 63 125
5 64 170
5 65 196
5 66 208
5 67 248
5 68 240
5 69 1073741824
5 70 45
5 71 56
5 72 30
5 73 86
5 74 58
5 75 81
5 76 238
5 77 169
5 78 92
5 79 21
5 80 247
5 81 211
5 82 181
5 83 64
5 84 1073741824
5 85 159
5 86 33
5 87 188
5 88 23
5 89 82
5 90 207
5 91 166
5 92 74
5 93 282
5 94 26
5 95 222
5 96 120
5 97 130
5 98 119
5 99 251
5 100 106
6 1 202
6 2 110
6 3 173
6 4 148
6 5 255
6 6 0
6 7 108
6 8 282
6 9 121
6 10 138
6 11 289
6 12 33
6 13 267
6 14 269
6 15 216
6 16 8
6 17 166
6 18 1073741824
6 19 157
6 20 163
6 21 224
6 22 24
6 23 109
6 24 127
6 25 45
6 26 73
6 27 18
6 28 198
6 29 84
6 30 166
6 31 194
6 32 126
6 33 3
6 34 162
6 35 76
6 36 229
6 37 42
6 38 195
6 39 108
6 40 278
6 41 1073741824
6 42 220
6 43 210
6 44 269
6 45 4
6 46 218
6 47 126
6 48 136
6 49 177
6 50 249
6 51 165
6 52 70
6 53 269
6 54 281
6 55 91
6 56 231
6 57 269
6 58 263
6 59 156
6 60 250
6 61 79
6 62 190
6 63 134
6 64 208
6 65 237
6 66 5
6 67 286
6 68 139
6 69 32
6 70 49
6 71 118
6 72 183
6 73 127
6 74 290
6 75 187
6 76 102
6 77 83
6 78 14
6 79 63
6 80 242
6 81 60
6 82 4
6 83 1073741824
6 84 106
6 85 130
6 86 137
6 87 45
6 88 43
6 89 169
6 90 56
6 91 146
6 92 122
6 93 116
6 94 1073741824
6 95 175
6 96 62
6 97 171
6 98 236
6 99 49
6 100 13
7 1 35
7 2 114
7 3 134
7 4 277
7 5 49
7 6 108
7 7 0
7 8 19
7 9 244
7 10 251
7 11 45
7 12 195
7 13 81
7 14 278
7 15 161
7 16 251
7 17 194
7 18 97
7 19 194
7 20 286
7 21 279
7 22 1073741824
7 23 202
7 24 286
7 25 79
7 26 97
7 27 220
7 28 191
7 29 83
7 30 147
7 31 81
7 32 108
7 33 257
7 34 121
7 35 167
7 36 184
7 37 13
7 38 179
7 39 82
7 40 178
7 41 94
7 42 122
7 43 44
7 44 200
7 45 116
7 46 25
7 47 81
7 48 116
7 49 32
7 50 239
7 51 266
7 52 157
7 53 50
7 54 76
7 55 91
7 56 183
7 57 202
7 58 36
7 59 109
7 60 234
7 61 138
7 62 48
7 63 265
7 64 211
7 65 9
7 66 263
7 67 199
7 68 167
7 69 277
7 70 201
7 71 20
7 72 271
7 73 138
7 74 51
7 75 143
7 76 1073741824
7 77 73
7 78 138
7 79 178
7 80 258
7 81 135
7 82 35
7 83 188
7 84 79
7 85 118
7 86 1073741824
7 87 73
7 88 279
7 89 112
7 90 171
7 91 93
7 92 115
7 93 47
7 94 37
7 95 279
7 96 154
7 97 34
7 98 217
7 99 75
7 100 9
8 1 223
8 2 51
8 3 129
8 4 151
8 5 60
8 6 282
8 7 19
8 8 0
8 9 146
8 10 122
8 11 253
8 12 157
8 13 243
8 14 218
8 15 270
8 16 71
8 17 46
8 18 44
8 19 224
8 20 95
8 21 203
8 22 111
8 23 79
8 24 131
8 25 202
8 26 203
8 27 27
8 28 217
8 29 118
8 30 107
8 31 162
8 32 192
8 33 204
8 34 202
8 35 289
8 36 111
8 37 129
8 38 175
8 39 182
8 40 178
8 41 285
8 42 68
8 43 241
8 44 144
8 45 17
8 46 160
8 47 240
8 48 126
8 49 281
8 50 83
8 51 25
8 52 57
8 53 149
8 54 286
8 55 250
8 56 276
8 57 172
8 58 118
8 59 116
8 60 202
8 61 266
8 62 285
8 63 125
8 64 205
8 65 107
8 66 187
8 67 235
8 68 1073741824
8 69 65
8 70 137
8 71 43
8 72 282
8 73 93
8 74 266
8 75 222
8 76 170
8 77 111
8 78 268
8 79 41
8 80 172
8 81 152
8 82 46
8 83 268
8 84 277
8 85 117
8 86 252
8 87 220
8 88 208
8 89 23
8 90 275
8 91 189
8 92 169
8 93 173
8 94 212
8 95 148
8 96 258
8 97 50
8 98 151
8 99 195
8 100 279
9 1 156
9 2 149
9 3 195
9 4 288
9 5 236
9 6 121
9 7 244
9 8 146
9 9 0
9 10 143
9 11 246
9 12 34
9 13 139
9 14 124
9 15 253
9 16 288
9 17 216
9 18 197
9 19 192
9 20 79
9 21 65
9 22 19
9 23 152
9 24 94
9 25 144
9 26 50
9 27 247
9 28 16
9 29 192
9 30 100
9 31 120
9 32 185
9 33 176
9 34 95
9 35 83
9 36 147
9 37 153
9 38 158
9 39 40
9 40 109
9 41 267
9 42 135
9 43 2
9 44 251
9 45 11
9 46 57
9 47 58
9 48 18
9 49 144
9 50 206
9 51 137
9 52 74
9 53 27
9 54 104
9 55 73
9 56 240
9 57 50
9 58 103
9 59 78
9 60 234
9 61 241
9 62 288
9 63 183
9 64 163
9 65 39
9 66 97
9 67 163
9 68 72
9 69 161
9 70 209
9 71 1073741824
9 72 108
9 73 137
9 74 85
9 75 187
9 76 235
9 77 84
9 78 256
9 79 209
9 80 244
9 81 277
9 82 145
9 83 7
9 84 61
9 85 77
9 86 214
9 87 208
9 88 36
9 89 288
9 90 1
9 91 38
9 92 204
9 93 226
9 94 1073741824
9 95 122
9 96 289
9 97 235
9 98 204
9 99 125
9 100 121
10 1 214
10 2 264
10 3 202
10 4 251
10 5 233
10 6 138
10 7 251
10 8 122
10 9 143
10 10 0
10 11 252
10 12 93
10 13 285
10 14 239
10 15 43
10 16 141
10 17 100
10 18 247
10 19 194
10 20 110
10 21 5
10 22 24
10 23 47
10 24 1073741824
10 25 141
10 26 216
10 27 258
10 28 91
10 29 107
10 30 258
10 31 196
10 32 266
10 33 268
10 34 121
10 35 248
10 36 247
10 37 108
10 38 243
10 39 222
10 40 128
10 41 203
10 42 1073741824
10 43 6
10 44 137
10 45 139
10 46 137
10 47 281
10 48 170
10 49 99
10 50 205
10 51 225
10 52 262
10 53 182
10 54 20
10 55 66
10 56 1
10 57 30
10 58 203
10 59 177
10 60 130
10 61 178
10 62 138
10 63 32
10 64 4
10 65 257
10 66 158
10 67 129
10 68 209
10 69 98
10 70 272
10 71 198
10 72 6
10 73 28
10 74 83
10 75 197
10 76 196
10 77 61
10 78 186
10 79 82
10 80 107
10 81 24
10 82 1073741824
10 83 199
10 84 231
10 85 199
10 86 171
10 87 111
10 88 224
10 89 62
10 90 265
10 91 196
10 92 81
10 93 101
10 94 254
10 95 139
10 96 211
10 97 130
10 98 283
10 99 44
10 100 153
11 1 216
11 2 141
11 3 37
11 4 254
11 5 104
11 6 289
11 7 45
11 8 253
11 9 246
11 10 252
11 11 0
11 12 204
11 13 230
11 14 101
11 15 33
11 16 273
11 17 147
11 18 187
11 19 90
11 20 13
11 21 91
11 22 29
11 23 175
11 24 246
11 25 268
11 26 149
11 27 260
11 28 199
11 29 90
11 30 114
11 31 227
11 32 277
11 33 183
11 34 276
11 35 33
11 36 195
11 37 157
11 38 99
11 39 32
11 40 156
11 41 224
11 42 123
11 43 217
11 44 267
11 45 219
11 46 257
11 47 286
11 48 66
11 49 94
11 50 9
11 51 226
11 52 112
11 53 26
11 54 57
11 55 193
11 56 35
11 57 45
11 58 199
11 59 267
11 60 22
11 61 41
11 62 99
11 63 49
11 64 214
11 65 254
11 66 111
11 67 18
11 68 101
11 69 137
11 70 1073741824
11 71 216
11 72 9
11 73 182
11 74 67
11 75 164
11 76 113
11 77 73
11 78 80
11 79 288
11 80 140
11 81 242
11 82 269
11 83 160
11 84 44
11 85 258
11 86 45
11 87 81
11 88 221
11 89 170
11 90 290
11 91 247
11 92 145
11 93 218
11 94 4
11 95 69
11 96 233
11 97 235
11 98 43
11 99 76
11 100 85
12 1 131
12 2 28
12 3 205
12 4 42
12 5 261
12 6 33
12 7 195
12 8 157
12 9 34
12 10 93
12 11 204
12 12 0
12 13 91
12 14 238
12 15 156
12 16 187
12 17 185
12 18 284
12 19 82
12 20 266
12 21 51
12 22 7
12 23 75
12 24 209
12 25 203
12 26 92
12 27 125
12 28 165
12 29 1073741824
12 30 169
12 31 60
12 32 118
12 33 196
12 34 147
12 35 121
12 36 215
12 37 170
12 38 137
12 39 1073741824
12 40 115
12 41 259
12 42 192
12 43 257
12 44 36
12 45 210
12 46 289
12 47 264
12 48 200
12 49 172
12 50 13
12 51 154
12 52 63
12 53 256
12 54 98
12 55 178
12 56 138
12 57 176
12 58 156
12 59 232
12 60 1073741824
12 61 196
12 62 33
12 63 19
12 64 35
12 65 211
12 66 9
12 67 215
12 68 283
12 69 188
12 70 170
12 71 42
12 72 171
12 73 131
12 74 161
12 75 90
12 76 231
12 77 124
12 78 223
12 79 62
12 80 104
12 81 161
12 82 173
12 83 179
12 84 148
12 85 185
12 86 285
12 87 1
12 88 139
12 89 163
12 90 254
12 91 257
12 92 249
12 93 273
12 94 115
12 95 114
12 96 259
12 97 160
12 98 34
12 99 136
12 100 52
13 1 85
13 2 194
13 3 114
13 4 54
13 5 225
13 6 267
13 7 81
13 8 243
13 9 139
13 10 285
13 11 230
13 12 91
13 13 0
13 14 112
13 15 138
13 16 46
13 17 16
13 18 272
13 19 176
13 20 221
13 21 46
13 22 77
13 23 1073741824
13 24 164
13 25 122
13 26 161
13 27 21
13 28 227
13 29 176
13 30 219
13 31 263
13 32 210
13 33 35
13 34 286
13 35 187
13 36 110
13 37 163
13 38 202
13 39 256
13 40 138
13 41 277
13 42 144
13 43 243
13 44 228
13 45 233
13 46 233
13 47 6
13 48 266
13 49 214
13 50 242
13 51 206
13 52 92
13 53 63
13 54 164
13 55 83
13 56 85
13 57 267
13 58 264
13 59 26
13 60 86
13 61 205
13 62 194
13 63 118
13 64 68
13 65 290
13 66 290
13 67 154
13 68 260
13 69 225
13 70 52
13 71 132
13 72 115
13 73 17
13 74 26
13 75 175
13 76 64
13 77 143
13 78 115
13 79 106
13 80 17
13 81 204
13 82 31
13 83 1073741824
13 84 217
13 85 126
13 86 49
13 87 272
13 88 31
13 89 219
13 90 103
13 91 179
13 92 110
13 93 154
13 94 151
13 95 139
13 96 98
13 97 85
13 98 234
13 99 259
13 100 189
14 1 250
14 2 145
14 3 226
14 4 262
14 5 176
14 6 269
14 7 278
14 8 218
14 9 124
14 10 239
14 11 101
14 12 238
14 13 112
14 14 0
14 15 94
14 16 223
14 17 251
14 18 160
14 19 76
14 20 219
14 21 164
14 22 52
14 23 214
14 24 281
14 25 191
14 26 191
14 27 10
14 28 1073741824
14 29 198
14 30 99
14 31 171
14 32 160
14 33 50
14 34 78
14 35 107
14 36 21
14 37 288
14 38 237
14 39 186
14 40 201
14 41 233
14 42 22
14 43 261
14 44 165
14 45 27
14 46 6
14 47 201
14 48 258
14 49 141
14 50 263
14 51 88
14 52 43
14 53 190
14 54 18
14 55 45
14 56 284
14 57 63
14 58 1073741824
14 59 15
14 60 134
14 61 152
14 62 107
14 63 250
14 64 1073741824
14 65 58
14 66 137
14 67 169
14 68 116
14 69 195
14 70 161
14 71 275
14 72 239
14 73 139
14 74 276
14 75 117
14 76 274
14 77 16
14 78 110
14 79 167
14 80 140
14 81 137
14 82 233
14 83 48
14 84 287
14 85 37
14 86 237
14 87 46
14 88 50
14 89 290
14 90 86
14 91 205
14 92 126
14 93 102
14 94 169
14 95 113
14 96 252
14 97 77
14 98 134
14 99 40
14 100 287
15 1 286
15 2 164
15 3 203
15 4 239
15 5 146
15 6 216
15 7 161
15 8 270
15 9 253
15 10 43
15 11 33
15 12 156
15 13 138
15 14 94
15 15 0
15 16 46
15 17 218
15 18 32
15 19 286
15 20 48
15 21 114
15 22 193
15 23 230
15 24 28
15 25 242
15 26 13
15 27 12
15 28 210
15 29 5
15 30 7
15 31 180
15 32 234
15 33 36
15 34 31
15 35 98
15 36 47
15 37 251
15 38 82
15 39 266
15 40 119
15 41 149
15 42 255
15 43 151
15 44 284
15 45 24
15 46 234
15 47 13
15 48 119
15 49 148
15 50 24
15 51 109
15 52 121
15 53 28
15 54 206
15 55 268
15 56 69
15 57 1
15 58 91
15 59 192
15 60 145
15 61 27
15 62 25
15 63 140
15 64 93
15 65 118
15 66 148
15 67 235
15 68 251
15 69 63
15 70 175
15 71 254
15 72 43
15 73 20
15 74 44
15 75 7
15 76 40
15 77 33
15 78 173
15 79 232
15 80 1073741824
15 81 211
15 82 195
15 83 149
15 84 4
15 85 55
15 86 285
15 87 8
15 88 248
15 89 269
15 90 1
15 91 21
15 92 33
15 93 125
15 94 75
15 95 274
15 96 7
15 97 239
15 98 125
15 99 25
15 100 135
16 1 86
16 2 22
16 3 5
16 4 28
16 5 219
16 6 8
16 7 251
16 8 71
16 9 288
16 10 141
16 11 273
16 12 187
16 13 46
16 14 223
16 15 46
16 16 0
16 17 44
16 18 107
16 19 150
16 20 176
16 21 196
16 22 178
16 23 1073741824
16 24 107
16 25 238
16 26 259
16 27 201
16 28 60
16 29 35
16 30 55
16 31 290
16 32 265
16 33 75
16 34 261
16 35 254
16 36 40
16 37 174
16 38 160
16 39 236
16 40 134
16 41 266
16 42 69
16 43 11
16 44 238
16 45 151
16 46 233
16 47 174
16 48 59
16 49 55
16 50 287
16 51 1073741824
16 52 4
16 53 144
16 54 228
16 55 190
16 56 74
16 57 179
16 58 22
16 59 77
16 60 159
16 61 123
16 62 173
16 63 129
16 64 133
16 65 222
16 66 173
16 67 1
16 68 208
16 69 12
16 70 218
16 71 83
16 72 87
16 73 195
16 74 142
16 75 260
16 76 30
16 77 113
16 78 228
16 79 199
16 80 59
16 81 93
16 82 255
16 83 189
16 84 213
16 85 86
16 86 161
16 87 220
16 88 63
16 89 227
16 90 22
16 91 84
16 92 46
16 93 198
16 94 61
16 95 150
16 96 1073741824
16 97 102
16 98 1073741824
16 99 14
16 100 139
17 1 1073741824
17 2 34
17 3 171
17 4 65
17 5 7
17 6 166
17 7 194
17 8 46
17 9 216
17 10 100
17 11 147
17 12 185
17 13 16
17 14 251
17 15 218
17 16 44
17 17 0
17 18 270
17 19 72
17 20 276
17 21 193
17 22 219
17 23 119
17 24 48
17 25 107
17 26 118
17 27 202
17 28 287
17 29 98
17 30 34
17 31 243
17 32 7
17 33 238
17 34 284
17 35 85
17 36 284
17 37 211
17 38 95
17 39 196
17 40 264
17 41 184
17 42 1073741824
17 43 53
17 44 286
17 45 192
17 46 281
17 47 143
17 48 223
17 49 44
17 50 160
17 51 67
17 52 43
17 53 103
17 54 27
17 55 96
17 56 17
17 57 170
17 58 39
17 59 276
17 60 274
17 61 148
17 62 10
17 63 260
17 64 284
17 65 258
17 66 25
17 67 114
17 68 206
17 69 162
17 70 89
17 71 180
17 72 36
17 73 69
17 74 80
17 75 4
17 76 235
17 77 14
17 78 7
17 79 77
17 80 225
17 81 289
17 82 214
17 83 221
17 84 189
17 85 1073741824
17 86 55
17 87 1073741824
17 88 1073741824
17 89 39
17 90 28
17 91 37
17 92 115
17 93 49
17 94 112
17 95 182
17 96 210
17 97 234
17 98 1073741824
17 99 31
17 100 185
18 1 106
18 2 111
18 3 140
18 4 33
18 5 223
18 6 1073741824
18 7 97
18 8 44
18 9 197
18 10 247
18 11 187
18 12 284
18 13 272
18 14 160
18 15 32
18 16 107
18 17 270
18 18 0
18 19 81
18 20 69
18 21 109
18 22 209
18 23 241
18 24 60
18 25 238
18 26 241
18 27 32
18 28 23
18 29 173
18 30 208
18 31 208
18 32 219
18 33 205
18 34 179
18 35 227
18 36 184
18 37 142
18 38 132
18 39 192
18 40 264
18 41 248
18 42 233
18 43 241
18 44 233
18 45 239
18 46 93
18 47 153
18 48 115
18 49 52
18 50 52
18 51 257
18 52 157
18 53 277
18 54 163
18 55 122
18 56 53
18 57 170
18 58 48
18 59 185
18 60 28
18 61 225
18 62 31
18 63 34
18 64 90
18 65 104
18 66 9
18 67 220
18 68 1073741824
18 69 238
18 70 104
18 71 269
18 72 153
18 73 61
18 74 207
18 75 59
18 76 158
18 77 188
18 78 27
18 79 134
18 80 157
18 81 238
18 82 100
18 83 102
18 84 92
18 85 221
18 86 250
18 87 218
18 88 237
18 89 268
18 90 187
18 91 1073741824
18 92 100
18 93 246
18 94 287
18 95 142
18 96 117
18 97 106
18 98 170
18 99 171
18 100 102
19 1 103
19 2 9
19 3 174
19 4 55
19 5 57
19 6 157
19 7 194
19 8 224
19 9 192
19 10 194
19 11 90
19 12 82
19 13 176
19 14 76
19 15 286
19 16 150
19 17 72
19 18 81
19 19 0
19 20 260
19 21 64
19 22 78
19 23 187
19 24 104
19 25 221
19 26 153
19 27 1073741824
19 28 62
19 29 97
19 30 87
19 31 32
19 32 245
19 33 132
19 34 43
19 35 111
19 36 269
19 37 113
19 38 175
19 39 182
19 40 64
19 41 262
19 42 138
19 43 232
19 44 4
19 45 21
19 46 125
19 47 51
19 48 128
19 49 191
19 50 24
19 51 207
19 52 205
19 53 131
19 54 124
19 55 153
19 56 113
19 57 95
19 58 16
19 59 187
19 60 273
19 61 225
19 62 38
19 63 20
19 64 81
19 65 19
19 66 151
19 67 258
19 68 245
19 69 151
19 70 98
19 71 69
19 72 231
19 73 42
19 74 62
19 75 273
19 76 94
19 77 144
19 78 180
19 79 120
19 80 151
19 81 111
19 82 189
19 83 6
19 84 3
19 85 2
19 86 177
19 87 131
19 88 60
19 89 275
19 90 50
19 91 1073741824
19 92 272
19 93 199
19 94 69
19 95 22
19 96 226
19 97 279
19 98 262
19 99 204
19 100 133
20 1 117
20 2 35
20 3 9
20 4 188
20 5 169
20 6 163
20 7 286
20 8 95
20 9 79
20 10 110
20 11 13
20 12 266
20 13 221
20 14 219
20 15 48
20 16 176
20 17 276
20 18 69
20 19 260
20 20 0
20 21 277
20 22 277
20 23 59
20 24 219
20 25 259
20 26 274
20 27 43
20 28 92
20 29 171
20 30 60
20 31 120
20 32 196
20 33 130
20 34 194
20 35 150
20 36 162
20 37 1073741824
20 38 173
20 39 203
20 40 41
20 41 218
20 42 68
20 43 285
20 44 22
20 45 153
20 46 146
20 47 1073741824
20 48 257
20 49 279
20 50 1073741824
20 51 176
20 52 125
20 53 60
20 54 119
20 55 240
20 56 214
20 57 263
20 58 251
20 59 100
20 60 1073741824
20 61 1
20 62 67
20 63 104
20 64 4
20 65 270
20 66 172
20 67 178
20 68 280
20 69 222
20 70 34
20 71 177
20 72 178
20 73 288
20 74 138
20 75 93
20 76 49
20 77 165
20 78 284
20 79 195
20 80 163
20 81 265
20 82 143
20 83 46
20 84 276
20 85 57
20 86 69
20 87 152
20 88 133
20 89 104
20 90 278
20 91 165
20 92 147
20 93 151
20 94 60
20 95 44
20 96 240
20 97 126
20 98 214
20 99 191
20 100 135
21 1 133
21 2 197
21 3 9
21 4 118
21 5 47
21 6 224
21 7 279
21 8 203
21 9 65
21 10 5
21 11 91
21 12 51
21 13 46
21 14 164
21 15 114
21 16 196
21 17 193
21 18 109
21 19 64
21 20 277
21 21 0
21 22 109
21 23 13
21 24 172
21 25 161
21 26 271
21 27 238
21 28 222
21 29 33
21 30 54
21 31 184
21 32 50
21 33 150
21 34 110
21 35 162
21 36 167
21 37 86
21 38 58
21 39 99
21 40 202
21 41 107
21 42 34
21 43 46
21 44 122
21 45 133
21 46 29
21 47 203
21 48 125
21 49 34
21 50 77
21 51 145
21 52 233
21 53 95
21 54 187
21 55 78
21 56 226
21 57 164
21 58 166
21 59 221
21 60 81
21 61 267
21 62 119
21 63 238
21 64 212
21 65 214
21 66 38
21 67 222
21 68 74
21 69 150
21 70 194
21 71 116
21 72 154
21 73 165
21 74 284
21 75 96
21 76 40
21 77 108
21 78 2
21 79 273
21 80 173
21 81 282
21 82 129
21 83 255
21 84 61
21 85 268
21 86 183
21 87 170
21 88 10
21 89 173
21 90 72
21 91 41
21 92 67
21 93 118
21 94 83
21 95 108
21 96 268
21 97 263
21 98 156
21 99 59
21 100 252
22 1 53
22 2 10
22 3 233
22 4 166
22 5 124
22 6 24
22 7 1073741824
22 8 111
22 9 19
22 10 24
22 11 29
22 12 7
22 13 77
22 14 52
22 15 193
22 16 178
22 17 219
22 18 209
22 19 78
22 20 277
22 21 109
22 22 0
22 23 207
22 24 1
22 25 39
22 26 219
22 27 208
22 28 34
22 29 283
22 30 65
22 31 154
22 32 115
22 33 112
22 34 29
22 35 25
22 36 34
22 37 1073741824
22 38 126
22 39 264
22 40 251
22 41 126
22 42 114
22 43 194
22 44 276
22 45 46
22 46 236
22 47 118
22 48 30
22 49 1
22 50 197
22 51 4
22 52 27
22 53 112
22 54 140
22 55 230
22 56 167
22 57 80
22 58 54
22 59 46
22 60 62
22 61 125
22 62 243
22 63 271
22 64 71
22 65 154
22 66 59
22 67 162
22 68 239
22 69 266
22 70 55
22 71 48
22 72 160
22 73 125
22 74 135
22 75 24
22 76 42
22 77 25
22 78 201
22 79 93
22 80 157
22 81 282
22 82 3
22 83 248
22 84 108
22 85 160
22 86 146
22 87 120
22 88 111
22 89 122
22 90 137
22 91 181
22 92 200
22 93 171
22 94 52
22 95 245
22 96 183
22 97 287
22 98 261
22 99 201
22 100 289
23 1 82
23 2 212
23 3 199
23 4 95
23 5 64
23 6 109
23 7 202
23 8 79
23 9 152
23 10 47
23 11 175
23 12 75
23 13 1073741824
23 14 214
23 15 230
23 16 1073741824
23 17 119
23 18 241
23 19 187
23 20 59
23 21 13
23 22 207
23 23 0
23 24 37
23 25 239
23 26 40
23 27 172
23 28 237
23 29 91
23 30 266
23 31 125
23 32 286
23 33 213
23 34 95
23 35 204
23 36 29
23 37 235
23 38 97
23 39 115
23 40 90
23 41 93
23 42 44
23 43 180
23 44 240
23 45 276
23 46 185
23 47 188
23 48 252
23 49 168
23 50 164
23 51 182
23 52 152
23 53 178
23 54 256
23 55 89
23 56 191
23 57 73
23 58 290
23 59 129
23 60 1073741824
23 61 220
23 62 94
23 63 187
23 64 251
23 65 27
23 66 134
23 67 207
23 68 250
23 69 270
23 70 209
23 71 89
23 72 139
23 73 229
23 74 74
23 75 129
23 76 49
23 77 39
23 78 141
23 79 56
23 80 175
23 81 55
23 82 1073741824
23 83 41
23 84 254
23 85 188
23 86 261
23 87 12
23 88 183
23 89 89
23 90 196
23 91 163
23 92 88
23 93 24
23 94 199
23 95 53
23 96 191
23 97 47
23 98 188
23 99 235
23 100 198
24 1 24
24 2 167
24 3 187
24 4 68
24 5 190
24 6 127
24 7 286
24 8 131
24 9 94
24 10 1073741824
24 11 246
24 12 209
24 13 164
24 14 281
24 15 28
24 16 107
24 17 48
24 18 60
24 19 104
24 20 219
24 21 172
24 22 1
24 23 37
24 24 0
24 25 66
24 26 287
24 27 246
24 28 229
24 29 235
24 30 142
24 31 53
24 32 158
24 33 102
24 34 106
24 35 1073741824
24 36 90
24 37 87
24 38 120
24 39 280
24 40 90
24 41 36
24 42 9
24 43 145
24 44 268
24 45 104
24 46 170
24 47 174
24 48 180
24 49 120
24 50 90
24 51 213
24 52 244
24 53 207
24 54 174
24 55 122
24 56 214
24 57 247
24 58 279
24 59 28
24 60 237
24 61 174
24 62 92
24 63 6
24 64 236
24 65 279
24 66 105
24 67 224
24 68 182
24 69 191
24 70 273
24 71 77
24 72 67
24 73 122
24 74 1073741824
24 75 46
24 76 237
24 77 216
24 78 212
24 79 154
24 80 166
24 81 204
24 82 130
24 83 135
24 84 12
24 85 234
24 86 18
24 87 286
24 88 236
24 89 43
24 90 186
24 91 243
24 92 193
24 93 13
24 94 163
24 95 221
24 96 56
24 97 277
24 98 252
24 99 8
24 100 230
25 1 11
25 2 139
25 3 190
25 4 62
25 5 88
25 6 45
25 7 79
25 8 202
25 9 144
25 10 141
25 11 268
25 12 203
25 13 122
25 14 191
25 15 242
25 16 238
25 17 107
25 18 238
25 19 221
25 20 259
25 21 161
25 22 39
25 23 239
25 24 66
25 25 0
25 26 228
25 27 160
25 28 116
25 29 190
25 30 28
25 31 265
25 32 250
25 33 177
25 34 180
25 35 204
25 36 89
25 37 100
25 38 23
25 39 251
25 40 120
25 41 42
25 42 31
25 43 105
25 44 36
25 45 13
25 46 223
25 47 88
25 48 227
25 49 21
25 50 65
25 51 78
25 52 77
25 53 38
25 54 133
25 55 108
25 56 34
25 57 135
25 58 265
25 59 252
25 60 265
25 61 221
25 62 86
25 63 1073741824
25 64 244
25 65 151
25 66 4
25 67 139
25 68 108
25 69 186
25 70 96
25 71 274
25 72 11
25 73 197
25 74 93
25 75 220
25 76 184
25 77 210
25 78 251
25 79 13
25 80 43
25 81 83
25 82 28
25 83 7
25 84 68
25 85 154
25 86 187
25 87 136
25 88 133
25 89 238
25 90 82
25 91 139
25 92 106
25 93 52
25 94 70
25 95 185
25 96 134
25 97 102
25 98 56
25 99 277
25 100 73
26 1 221
26 2 138
26 3 176
26 4 181
26 5 100
26 6 73
26 7 97
26 8 203
26 9 50
26 10 216
26 11 149
26 12 92
26 13 161
26 14 191
26 15 13
26 16 259
26 17 118
26 18 241
26 19 153
26 20 274
26 21 271
26 22 219
26 23 40
26 24 287
26 25 228
26 26 0
26 27 127
26 28 256
26 29 187
26 30 206
26 31 230
26 32 113
26 33 98
26 34 8
26 35 128
26 36 177
26 37 95
26 38 70
26 39 155
26 40 211
26 41 251
26 42 147
26 43 192
26 44 113
26 45 34
26 46 37
26 47 179
26 48 126
26 49 99
26 50 72
26 51 281
26 52 16
26 53 32
26 54 237
26 55 51
26 56 191
26 57 87
26 58 204
26 59 288
26 60 39
26 61 103
26 62 84
26 63 245
26 64 235
26 65 56
26 66 33
26 67 125
26 68 4
26 69 112
26 70 216
26 71 2
26 72 232
26 73 124
26 74 203
26 75 102
26 76 148
26 77 97
26 78 225
26 79 105
26 80 1073741824
26 81 172
26 82 275
26 83 55
26 84 11
26 85 120
26 86 269
26 87 248
26 88 169
26 89 204
26 90 148
26 91 284
26 92 39
26 93 233
26 94 153
26 95 158
26 96 158
26 97 112
26 98 211
26 99 250
26 100 221
27 1 107
27 2 66
27 3 162
27 4 66
27 5 133
27 6 18
27 7 220
27 8 27
27 9 247
27 10 258
27 11 260
27 12 125
27 13 21
27 14 10
27 15 12
27 16 201
27 17 202
27 18 32
27 19 1073741824
27 20 43
27 21 238
27 22 208
27 23 172
27 24 246
27 25 160
27 26 127
27 27 0
27 28 244
27 29 192
27 30 147
27 31 174
27 32 271
27 33 76
27 34 48
27 35 58
27 36 276
27 37 275
27 38 259
27 39 52
27 40 22
27 41 142
27 42 280
27 43 226
27 44 5
27 45 206
27 46 40
27 47 62
27 48 189
27 49 70
27 50 253
27 51 221
27 52 282
27 53 123
27 54 267
27 55 190
27 56 25
27 57 271
27 58 200
27 59 80
27 60 257
27 61 82
27 62 283
27 63 282
27 64 281
27 65 125
27 66 3
27 67 165
27 68 193
27 69 181
27 70 200
27 71 258
27 72 130
27 73 251
27 74 50
27 75 92
27 76 44
27 77 258
27 78 82
27 79 62
27 80 223
27 81 181
27 82 183
27 83 84
27 84 68
27 85 152
27 86 215
27 87 170
27 88 224
27 89 264
27 90 17
27 91 63
27 92 88
27 93 49
27 94 172
27 95 254
27 96 74
27 97 55
27 98 145
27 99 85
27 100 66
28 1 49
28 2 268
28 3 154
28 4 252
28 5 168
28 6 198
28 7 191
28 8 217
28 9 16
28 10 91
28 11 199
28 12 165
28 13 227
28 14 1073741824
28 15 210
28 16 60
28 17 287
28 18 23
28 19 62
28 20 92
28 21 222
28 22 34
28 23 237
28 24 229
28 25 116
28 26 256
28 27 244
28 28 0
28 29 132
28 30 127
28 31 143
28 32 117
28 33 95
28 34 155
28 35 289
28 36 10
28 37 208
28 38 140
28 39 205
28 40 1
28 41 93
28 42 119
28 43 7
28 44 234
28 45 160
28 46 174
28 47 193
28 48 226
28 49 1073741824
28 50 1073741824
28 51 277
28 52 108
28 53 86
28 54 37
28 55 72
28 56 24
28 57 114
28 58 255
28 59 137
28 60 216
28 61 186
28 62 220
28 63 136
28 64 106
28 65 277
28 66 191
28 67 280
28 68 139
28 69 148
28 70 266
28 71 118
28 72 286
28 73 127
28 74 140
28 75 248
28 76 86
28 77 69
28 78 175
28 79 153
28 80 190
28 81 114
28 82 127
28 83 227
28 84 73
28 85 138
28 86 216
28 87 16
28 88 34
28 89 196
28 90 285
28 91 128
28 92 205
28 93 131
28 94 27
28 95 200
28 96 117
28 97 179
28 98 134
28 99 209
28 100 35
29 1 118
29 2 46
29 3 233
29 4 249
29 5 52
29 6 84
29 7 83
29 8 118
29 9 192
29 10 107
29 11 90
29 12 1073741824
29 13 176
29 14 198
29 15 5
29 16 35
29 17 98
29 18 173
29 19 97
29 20 171
29 21 33
29 22 283
29 23 91
29 24 235
29 25 190
29 26 187
29 27 192
29 28 132
29 29 0
29 30 136
29 31 220
29 32 98
29 33 97
29 34 22
29 35 162
29 36 288
29 37 276
29 38 246
29 39 149
29 40 238
29 41 61
29 42 158
29 43 48
29 44 54
29 45 164
29 46 82
29 47 69
29 48 82
29 49 233
29 50 254
29 51 205
29 52 65
29 53 168
29 54 286
29 55 172
29 56 245
29 57 246
29 58 65
29 59 214
29 60 156
29 61 1073741824
29 62 188
29 63 92
29 64 87
29 65 190
29 66 262
29 67 99
29 68 186
29 69 252
29 70 271
29 71 1073741824
29 72 237
29 73 204
29 74 201
29 75 1073741824
29 76 34
29 77 218
29 78 232
29 79 110
29 80 188
29 81 1073741824
29 82 43
29 83 215
29 84 136
29 85 155
29 86 259
29 87 180
29 88 45
29 89 205
29 90 147
29 91 25
29 92 245
29 93 29
29 94 30
29 95 232
29 96 275
29 97 171
29 98 229
29 99 192
29 100 259
30 1 234
30 2 243
30 3 29
30 4 230
30 5 156
30 6 166
30 7 147
30 8 107
30 9 100
30 10 258
30 11 114
30 12 169
30 13 219
30 14 99
30 15 7
30 16 55
30 17 34
30 18 208
30 19 87
30 20 60
30 21 54
30 22 65
30 23 266
30 24 142
30 25 28
30 26 206
30 27 147
30 28 127
30 29 136
30 30 0
30 31 67
30 32 158
30 33 85
30 34 10
30 35 206
30 36 58
30 37 12
30 38 181
30 39 60
30 40 230
30 41 32
30 42 130
30 43 55
30 44 224
30 45 124
30 46 192
30 47 89
30 48 119
30 49 24
30 50 160
30 51 144
30 52 127
30 53 58
30 54 255
30 55 188
30 56 47
30 57 135
30 58 207
30 59 99
30 60 2
30 61 117
30 62 78
30 63 255
30 64 169
30 65 1073741824
30 66 77
30 67 189
30 68 237
30 69 124
30 70 18
30 71 145
30 72 288
30 73 26
30 74 211
30 75 183
30 76 100
30 77 24
30 78 17
30 79 174
30 80 281
30 81 59
30 82 120
30 83 39
30 84 213
30 85 250
30 86 202
30 87 10
30 88 183
30 89 225
30 90 70
30 91 1
30 92 185
30 93 43
30 94 152
30 95 197
30 96 52
30 97 35
30 98 66
30 99 25
30 100 265
31 1 242
31 2 55
31 3 117
31 4 220
31 5 69
31 6 194
31 7 81
31 8 162
31 9 120
31 10 196
31 11 227
31 12 60
31 13 263
31 14 171
31 15 180
31 16 290
31 17 243
31 18 208
31 19 32
31 20 120
31 21 184
31 22 154
31 23 125
31 24 53
31 25 265
31 26 230
31 27 174
31 28 143
31 29 220
31 30 67
31 31 0
31 32 65
31 33 198
31 34 116
31 35 66
31 36 278
31 37 211
31 38 203
31 39 112
31 40 257
31 41 259
31 42 232
31 43 243
31 44 119
31 45 172
31 46 68
31 47 214
31 48 69
31 49 231
31 50 187
31 51 185
31 52 32
31 53 211
31 54 176
31 55 271
31 56 213
31 57 191
31 58 259
31 59 149
31 60 23
31 61 226
31 62 238
31 63 235
31 64 105
31 65 285
31 66 64
31 67 71
31 68 1
31 69 45
31 70 107
31 71 276
31 72 196
31 73 193
31 74 22
31 75 173
31 76 124
31 77 221
31 78 236
31 79 267
31 80 287
31 81 155
31 82 22
31 83 136
31 84 122
31 85 260
31 86 70
31 87 75
31 88 82
31 89 1073741824
31 90 174
31 91 145
31 92 234
31 93 173
31 94 231
31 95 212
31 96 207
31 97 153
31 98 36
31 99 164
31 100 132
32 1 98
32 2 15
32 3 129
32 4 50
32 5 158
32 6 126
32 7 108
32 8 192
32 9 185
32 10 266
32 11 277
32 12 118
32 13 210
32 14 160
32 15 234
32 16 265
32 17 7
32 18 219
32 19 245
32 20 196
32 21 50
32 22 115
32 23 286
32 24 158
32 25 250
32 26 113
32 27 271
32 28 117
32 29 98
32 30 158
32 31 65
32 32 0
32 33 46
32 34 156
32 35 251
32 36 25
32 37 213
32 38 150
32 39 1073741824
32 40 110
32 41 192
32 42 45
32 43 94
32 44 115
32 45 67
32 46 65
32 47 104
32 48 95
32 49 218
32 50 266
32 51 251
32 52 260
32 53 191
32 54 129
32 55 153
32 56 28
32 57 274
32 58 33
32 59 285
32 60 178
32 61 125
32 62 12
32 63 66
32 64 277
32 65 147
32 66 178
32 67 3
32 68 149
32 69 138
32 70 191
32 71 286
32 72 43
32 73 132
32 74 260
32 75 175
32 76 281
32 77 72
32 78 42
32 79 108
32 80 122
32 81 90
32 82 53
32 83 71
32 84 1073741824
32 85 10
32 86 84
32 87 223
32 88 200
32 89 246
32 90 102
32 91 189
32 92 35
32 93 129
32 94 44
32 95 206
32 96 82
32 97 23
32 98 61
32 99 82
32 100 204
33 1 285
33 2 265
33 3 79
33 4 78
33 5 12
33 6 3
33 7 257
33 8 204
33 9 176
33 10 268
33 11 183
33 12 196
33 13 35
33 14 50
33 15 36
33 16 75
33 17 238
33 18 205
33 19 132
33 20 130
33 21 150
33 22 112
33 23 213
33 24 102
33 25 177
33 26 98
33 27 76
33 28 95
33 29 97
33 30 85
33 31 198
33 32 46
33 33 0
33 34 173
33 35 72
33 36 40
33 37 1073741824
33 38 20
33 39 106
33 40 216
33 41 126
33 42 123
33 43 131
33 44 81
33 45 205
33 46 96
33 47 26
33 48 235
33 49 270
33 50 173
33 51 58
33 52 86
33 53 112
33 54 145
33 55 113
33 56 96
33 57 196
33 58 167
33 59 1073741824
33 60 75
33 61 262
33 62 122
33 63 236
33 64 145
33 65 129
33 66 189
33 67 125
33 68 273
33 69 113
33 70 278
33 71 278
33 72 26
33 73 62
33 74 224
33 75 270
33 76 116
33 77 1073741824
33 78 122
33 79 1
33 80 262
33 81 279
33 82 140
33 83 14
33 84 222
33 85 106
33 86 209
33 87 186
33 88 22
33 89 106
33 90 244
33 91 201
33 92 158
33 93 105
33 94 140
33 95 111
33 96 267
33 97 196
33 98 287
33 99 94
33 100 162
34 1 269
34 2 20
34 3 202
34 4 1073741824
34 5 65
34 6 162
34 7 121
34 8 202
34 9 95
34 10 121
34 11 276
34 12 147
34 13 286
34 14 78
34 15 31
34 16 261
34 17 284
34 18 179
34 19 43
34 20 194
34 21 110
34 22 29
34 23 95
34 24 106
34 25 180
34 26 8
34 27 48
34 28 155
34 29 22
34 30 10
34 31 116
34 32 156
34 33 173
34 34 0
34 35 215
34 36 200
34 37 140
34 38 165
34 39 205
34 40 218
34 41 86
34 42 188
34 43 190
34 44 232
34 45 112
34 46 196
34 47 154
34 48 103
34 49 215
34 50 28
34 51 161
34 52 236
34 53 20
34 54 285
34 55 57
34 56 54
34 57 56
34 58 150
34 59 113
34 60 193
34 61 270
34 62 196
34 63 123
34 64 237
34 65 1073741824
34 66 285
34 67 32
34 68 111
34 69 202
34 70 259
34 71 46
34 72 38
34 73 177
34 74 34
34 75 160
34 76 177
34 77 34
34 78 196
34 79 99
34 80 64
34 81 119
34 82 253
34 83 161
34 84 163
34 85 9
34 86 90
34 87 49
34 88 241
34 89 1073741824
34 90 290
34 91 179
34 92 20
34 93 55
34 94 85
34 95 129
34 96 196
34 97 23
34 98 95
34 99 145
34 100 133
35 1 94
35 2 84
35 3 139
35 4 66
35 5 194
35 6 76
35 7 167
35 8 289
35 9 83
35 10 248
35 11 33
35 12 121
35 13 187
35 14 107
35 15 98
35 16 254
35 17 85
35 18 227
35 19 111
35 20 150
35 21 162
35 22 25
35 23 204
35 24 1073741824
35 25 204
35 26 128
35 27 58
35 28 289
35 29 162
35 30 206
35 31 66
35 32 251
35 33 72
35 34 215
35 35 0
35 36 152
35 37 19
35 38 190
35 39 262
35 40 11
35 41 237
35 42 196
35 43 273
35 44 100
35 45 245
35 46 284
35 47 199
35 48 182
35 49 240
35 50 156
35 51 149
35 52 185
35 53 241
35 54 69
35 55 20
35 56 91
35 57 66
35 58 166
35 59 181
35 60 85
35 61 122
35 62 239
35 63 109
35 64 138
35 65 42
35 66 6
35 67 37
35 68 95
35 69 261
35 70 280
35 71 208
35 72 231
35 73 245
35 74 84
35 75 100
35 76 262
35 77 75
35 78 110
35 79 144
35 80 254
35 81 44
35 82 230
35 83 234
35 84 178
35 85 285
35 86 200
35 87 274
35 88 109
35 89 282
35 90 32
35 91 279
35 92 152
35 93 72
35 94 33
35 95 54
35 96 163
35 97 248
35 98 253
35 99 271
35 100 212
36 1 159
36 2 98
36 3 281
36 4 285
36 5 240
36 6 229
36 7 184
36 8 111
36 9 147
36 10 247
36 11 195
36 12 215
36 13 110
36 14 21
36 15 47
36 16 40
36 17 284
36 18 184
36 19 269
36 20 162
36 21 167
36 22 34
36 23 29
36 24 90
36 25 89
36 26 177
36 27 276
36 28 10
36 29 288
36 30 58
36 31 278
36 32 25
36 33 40
36 34 200
36 35 152
36 36 0
36 37 161
36 38 50
36 39 71
36 40 170
36 41 286
36 42 84
36 43 142
36 44 187
36 45 1073741824
36 46 2
36 47 249
36 48 206
36 49 255
36 50 261
36 51 200
36 52 177
36 53 223
36 54 290
36 55 63
36 56 258
36 57 163
36 58 269
36 59 30
36 60 36
36 61 77
36 62 124
36 63 160
36 64 18
36 65 151
36 66 58
36 67 112
36 68 1073741824
36 69 1073741824
36 70 136
36 71 136
36 72 253
36 73 3
36 74 1073741824
36 75 211
36 76 105
36 77 268
36 78 13
36 79 112
36 80 68
36 81 168
36 82 32
36 83 188
36 84 191
36 85 80
36 86 252
36 87 267
36 88 287
36 89 103
36 90 15
36 91 133
36 92 125
36 93 257
36 94 185
36 95 156
36 96 236
36 97 282
36 98 162
36 99 111
36 100 176
37 1 239
37 2 225
37 3 269
37 4 12
37 5 201
37 6 42
37 7 13
37 8 129
37 9 153
37 10 108
37 11 157
37 12 170
37 13 163
37 14 288
37 15 251
37 16 174
37 17 211
37 18 142
37 19 113
37 20 1073741824
37 21 86
37 22 1073741824
37 23 235
37 24 87
37 25 100
37 26 95
37 27 275
37 28 208
37 29 276
37 30 12
37 31 211
37 32 213
37 33 1073741824
37 34 140
37 35 19
37 36 161
37 37 0
37 38 210
37 39 256
37 40 1073741824
37 41 143
37 42 98
37 43 248
37 44 113
37 45 278
37 46 225
37 47 181
37 48 141
37 49 11
37 50 15
37 51 112
37 52 174
37 53 278
37 54 239
37 55 163
37 56 141
37 57 207
37 58 263
37 59 1073741824
37 60 56
37 61 257
37 62 197
37 63 268
37 64 101
37 65 41
37 66 148
37 67 76
37 68 285
37 69 116
37 70 100
37 71 161
37 72 280
37 73 123
37 74 67
37 75 224
37 76 154
37 77 219
37 78 146
37 79 155
37 80 277
37 81 1073741824
37 82 182
37 83 127
37 84 262
37 85 96
37 86 11
37 87 178
37 88 138
37 89 1073741824
37 90 156
37 91 275
37 92 123
37 93 124
37 94 22
37 95 88
37 96 139
37 97 163
37 98 16
37 99 66
37 100 1073741824
38 1 1073741824
38 2 103
38 3 289
38 4 237
38 5 178
38 6 195
38 7 179
38 8 175
38 9 158
38 10 243
38 11 99
38 12 137
38 13 202
38 14 237
38 15 82
38 16 160
38 17 95
38 18 132
38 19 175
38 20 173
38 21 58
38 22 126
38 23 97
38 24 120
38 25 23
38 26 70
38 27 259
38 28 140
38 29 246
38 30 181
38 31 203
38 32 150
38 33 20
38 34 165
38 35 190
38 36 50
38 37 210
38 38 0
38 39 71
38 40 2
38 41 138
38 42 89
38 43 1073741824
38 44 181
38 45 15
38 46 121
38 47 39
38 48 87
38 49 217
38 50 157
38 51 29
38 52 190
38 53 273
38 54 41
38 55 269
38 56 136
38 57 86
38 58 206
38 59 204
38 60 75
38 61 46
38 62 162
38 63 32
38 64 223
38 65 185
38 66 54
38 67 210
38 68 3
38 69 17
38 70 1073741824
38 71 169
38 72 92
38 73 255
38 74 1073741824
38 75 138
38 76 145
38 77 130
38 78 118
38 79 174
38 80 143
38 81 174
38 82 34
38 83 43
38 84 81
38 85 3
38 86 281
38 87 13
38 88 51
38 89 213
38 90 267
38 91 220
38 92 49
38 93 134
38 94 259
38 95 68
38 96 91
38 97 229
38 98 14
38 99 100
38 100 60
39 1 242
39 2 120
39 3 290
39 4 142
39 5 17
39 6 108
39 7 82
39 8 182
39 9 40
39 10 222
39 11 32
39 12 1073741824
39 13 256
39 14 186
39 15 266
39 16 236
39 17 196
39 18 192
39 19 182
39 20 203
39 21 99
39 22 264
39 23 115
39 24 280
39 25 251
39 26 155
39 27 52
39 28 205
39 29 149
39 30 60
39 31 112
39 32 1073741824
39 33 106
39 34 205
39 35 262
39 36 71
39 37 256
39 38 71
39 39 0
39 40 266
39 41 1073741824
39 42 52
39 43 1073741824
39 44 277
39 45 53
39 46 260
39 47 33
39 48 132
39 49 231
39 50 57
39 51 122
39 52 102
39 53 273
39 54 40
39 55 252
39 56 284
39 57 185
39 58 120
39 59 237
39 60 31
39 61 1073741824
39 62 24
39 63 45
39 64 1073741824
39 65 145
39 66 244
39 67 264
39 68 162
39 69 198
39 70 135
39 71 248
39 72 50
39 73 4
39 74 65
39 75 157
39 76 179
39 77 123
39 78 110
39 79 191
39 80 173
39 81 92
39 82 249
39 83 209
39 84 174
39 85 91
39 86 35
39 87 18
39 88 107
39 89 256
39 90 113
39 91 1
39 92 29
39 93 134
39 94 7
39 95 77
39 96 189
39 97 199
39 98 109
39 99 49
39 100 45
40 1 50
40 2 79
40 3 287
40 4 287
40 5 37
40 6 278
40 7 178
40 8 178
40 9 109
40 10 128
40 11 156
40 12 115
40 13 138
40 14 201
40 15 119
40 16 134
40 17 264
40 18 264
40 19 64
40 20 41
40 21 202
40 22 251
40 23 90
40 24 90
40 25 120
40 26 211
40 27 22
40 28 1
40 29 238
40 30 230
40 31 257
40 32 110
40 33 216
40 34 218
40 35 11
40 36 170
40 37 1073741824
40 38 2
40 39 266
40 40 0
40 41 75
40 42 52
40 43 267
40 44 223
40 45 200
40 46 100
40 47 125
40 48 64
40 49 20
40 50 114
40 51 40
40 52 12
40 53 32
40 54 77
40 55 63
40 56 212
40 57 58
40 58 184
40 59 47
40 60 125
40 61 56
40 62 145
40 63 67
40 64 247
40 65 31
40 66 79
40 67 92
40 68 174
40 69 219
40 70 283
40 71 266
40 72 287
40 73 65
40 74 115
40 75 151
40 76 186
40 77 204
40 78 143
40 79 281
40 80 214
40 81 137
40 82 187
40 83 164
40 84 8
40 85 190
40 86 218
40 87 1073741824
40 88 12
40 89 180
40 90 288
40 91 280
40 92 266
40 93 64
40 94 71
40 95 184
40 96 206
40 97 48
40 98 141
40 99 98
40 100 246
41 1 279
41 2 268
41 3 268
41 4 10
41 5 107
41 6 1073741824
41 7 94
41 8 285
41 9 267
41 10 203
41 11 224
41 12 259
41 13 277
41 14 233
41 15 149
41 16 266
41 17 184
41 18 248
41 19 262
41 20 218
41 21 107
41 22 126
41 23 93
41 24 36
41 25 42
41 26 251
41 27 142
41 28 93
41 29 61
41 30 32
41 31 259
41 32 192
41 33 126
41 34 86
41 35 237
41 36 286
41 37 143
41 38 138
41 39 1073741824
41 40 75
41 41 0
41 42 116
41 43 49
41 44 215
41 45 211
41 46 141
41 47 54
41 48 233
41 49 143
41 50 142
41 51 289
41 52 234
41 53 138
41 54 233
41 55 211
41 56 1073741824
41 57 162
41 58 281
41 59 27
41 60 6
41 61 104
41 62 144
41 63 178
41 64 39
41 65 265
41 66 14
41 67 251
41 68 243
41 69 24
41 70 231
41 71 211
41 72 38
41 73 21
41 74 225
41 75 223
41 76 221
41 77 223
41 78 75
41 79 190
41 80 120
41 81 35
41 82 52
41 83 31
41 84 4
41 85 221
41 86 188
41 87 133
41 88 35
41 89 242
41 90 247
41 91 68
41 92 226
41 93 54
41 94 276
41 95 233
41 96 282
41 97 6
41 98 57
41 99 98
41 100 87
42 1 73
42 2 138
42 3 237
42 4 59
42 5 127
42 6 220
42 7 122
42 8 68
42 9 135
42 10 1073741824
42 11 123
42 12 192
42 13 144
42 14 22
42 15 255
42 16 69
42 17 1073741824
42 18 233
42 19 138
42 20 68
42 21 34
42 22 114
42 23 44
42 24 9
42 25 31
42 26 147
42 27 280
42 28 119
42 29 158
42 30 130
42 31 232
42 32 45
42 33 123
42 34 188
42 35 196
42 36 84
42 37 98
42 38 89
42 39 52
42 40 52
42 41 116
42 42 0
42 43 223
42 44 184
42 45 43
42 46 13
42 47 84
42 48 207
42 49 29
42 50 6
42 51 17
42 52 10
42 53 1073741824
42 54 9
42 55 155
42 56 51
42 57 81
42 58 225
42 59 158
42 60 268
42 61 46
42 62 125
42 63 167
42 64 44
42 65 159
42 66 152
42 67 113
42 68 210
42 69 1073741824
42 70 111
42 71 201
42 72 177
42 73 63
42 74 69
42 75 223
42 76 244
42 77 166
42 78 282
42 79 247
42 80 177
42 81 59
42 82 259
42 83 286
42 84 235
42 85 221
42 86 141
42 87 18
42 88 22
42 89 144
42 90 233
42 91 23
42 92 29
42 93 112
